%YAML:1.0
---
image_width: 640
image_height: 480
intrinsic: !!opencv-matrix
   rows: 3
   cols: 3
   dt: f
   data: [ 608.620648, 0.000000, 326.221380, 
        0.000000, 609.496746, 233.706166, 0.000000, 
        0.000000, 1.000000]
dist_coeff: !!opencv-matrix
   rows: 1
   cols: 5
   dt: d
   data: [ 6.1644531509665125e-02, 4.8215809511835811e-01,
       2.8559666266068226e-03, -1.7398065108078212e-03,
       -2.1752290536794305e+00 ]
