%YAML:1.0
---
image_width: 1920
image_height: 1080
intrinsic: !!opencv-matrix
   rows: 3
   cols: 3
   dt: f
   data: [ 1372.815110, 0.000000, 976.836999, 
            0.000000, 1374.286292, 522.885955, 0.000000, 
            0.000000, 1.000000]
dist_coeff: !!opencv-matrix
   rows: 1
   cols: 5
   dt: d
   data: [ 1.4786839884722910e-01, -3.9459980062338146e-01,
       1.4793332955967836e-03, 1.8954985115464331e-04,
       2.2349989196786799e-01 ]
